571552
736960
869095
361166
600994
509906
812709
888207
105368
652863
995159
542415
955283
295197
45191
433994
92094
617798
219694
779954
995061
219412
19917
563699
67049
373909
821075
430393
352340
511052
450393
445878
515674
555422
971581
518665
345270
853970
160492
76366
355835
378180
271144
463395
504894
166495
608059
860912
784936
523108
92636
800462
325154
932485
283334
408602
658760
152844
272243
797430
59884
445681
799713
464816
984807
191309
135886
119179
100261
362949
398985
189398
582741
62644
909784
521168
442276
346397
938361
236370
51520
707540
293881
730894
156660
749644
706037
524054
255954
426135
932946
12952
613082
395510
696670
875550
327950
642532
281841
580684
622340
141060
428797
150438
841298
906077
105983
368343
945034
484123
894100
463883
375892
267881
226082
295440
169170
518429
483309
219224
35081
366537
69601
326868
877700
225583
147380
625581
638487
938967
39221
952909
633782
519190
539667
212597
868609
998618
965796
692192
600139
372456
258296
699052
520704
866173
384551
503914
300680
175249
701697
591251
632886
800255
128021
117870
89646
394725
861206
704089
697116
345609
390491
470600
395943
451428
496197
696040
976727
272684
312881
103871
144062
725638
58977
541647
638835
780060
529346
234499
345032
70535
735517
509128
448541
615085
695411
79916
493856
871867
339661
617564
371470
646484
497743
237464
879027
96473
806536
262068
856503
586057
821574
704145
883301
147725
226011
433509
343369
203092
190983
358397
306373
286911
684082
801231
523429
99863
290399
967743
182619
488874
377155
104792
713988
319122
18947
102095
271030
893615
689680
667699
938255
33174
680324
930468
766411
73944
293347
937592
694915
760598
193219
475650
668499
912621
207655
898187
65289
78779
306865
174927
896433
370022
140639
197447
726475
938523
56246
744984
500575
401276
217394
757298
426308
537734
110529
799362
775124
668621
797969
287797
107093
944700
610352
383188
436815
222829
211808
733437
11259
212963
557944
500871
273069
377095
616657
81822
177345
653604
481594
952994
78350
950283
479936
73370
696689
106571
804277
311417
675961
374173
480554
422905
439998
893474
202836
715278
335914
499701
911016
534162
664971
945036
223242
518485
488599
515227
920134
439686
247644
672101
500120
352090
635569
883218
341800
952535
582312
898490
793194
474770
42789
407689
553247
599691
608803
639334
629949
635899
499819
226414
606479
269108
646795
790042
453796
503593
995884
5452
216850
14507
30708
528285
565283
590821
726034
581872
882084
41096
223555
996885
444669
54396
362062
308242
716918
340949
701697
800773
911437
720381
702648
738991
88983
828192
209827
661934
482462
869165
472259
396045
285288
170471
718192
445078
642201
473275
798166
652726
348897
203154
666931
546925
677243
175002
760926
409721
322928
796855
281592
725638
517027
775710
800157
440258
397080
551167
104988
320232
272651
245830
946025
713025
145774
625303
208598
478741
699483
622377
47589
380503
520469
939695
803889
97804
854203
728780
484964
294300
402416
786390
186009
757293
205899
913768
164231
100544
911399
57227
755225
797544
305387
274779
289020
333777
722189
365907
937887
948650
807489
185836
962125
520845
632526
340816
892421
349264
591303
795204
332298
323640
506587
133515
298848
643670
32415
717579
292865
848189
428918
820221
877381
842453
769278
467777
550398
477370
751308
747937
513642
826097
277348
965796
713826
177713
18580
865579
857564
936387
515200
987461
115966
934231
733197
483993
476570
796636
392983
112742
987438
619307
709342
760848
457400
675815
977826
497590
169064
443495
80374
577988
693530
365774
80580
535831
156683
632876
636215
281483
92260
287271
880389
165249
835926
694172
583058
616975
986362
525256
625675
215013
827533
743870
305472
730064
321203
102534
284125
573722
6407
511263
398011
502935
994943
925451
684170
951212
702535
64595
137130
691500
172974
972695
203092
592560
692177
865561
91384
260154
734009
849681
971911
499819
7956
268795
147939
658721
145612
139458
360959
953979
954070
651400
798797
210737
641663
49770
577529
699237
393827
954644
920247
806433
428555
970211
719235
44023
921613
15380
589187
78054
332723
287430
196263
949542
919162
242642
163389
625693
392485
439907
945853
877276
766266
205694
857739
943581
550494
598336
531712
45071
169538
90735
959931
60318
562543
173798
896360
676055
532726
207713
967814
315318
152783
918659
699520
902869
812749
574002
526367
531161
739645
908028
286985
453648
849202
251196
514468
238638
212554
848279
716012
396572
769045
504028
793721
985643
93694
998535
19859
258331
896420
757766
519551
32760
623171
365807
985020
331321
62063
899600
295903
836183
864606
191822
458024
123222
805551
340650
15686
964225
90862
610166
815332
173099
706164
320948
369542
980865
590129
379783
443971
787203
10902
47870
810675
228522
653876
288815
327118
571924
901440
637998
265215
834547
125085
910116
877716
404105
218646
555068
655381
685663
520024
707742
363001
61860
99192
895871
747448
635834
94667
252479
182866
713874
257935
624785
913980
19118
829244
857496
746130
739990
778913
626866
764427
398030
610072
462225
433537
586707
74875
970666
913205
569038
558410
417439
414360
368395
880652
517182
874083
796019
345505
476663
667664
754937
421663
791339
892372
772367
262068
225775
928945
676149
261990
429767
675605
450634
306985
402219
962240
701284
817026
441880
952827
2542
872321
945377
56048
862476
209932
307053
988947
989010
111048
76366
253554
906224
672101
396883
745194
453113
552089
378180
787563
367191
369541
204438
335149
774756
286209
293652
605503
728912
909114
116281
301207
400645
690541
426616
505485
52495
122992
100363
986417
978989
512294
406877
910970
883401
977334
808592
778414
59148
853764
836490
800921
327559
408242
377886
885754
281816
287586
713025
507898
971072
198950
999887
809696
114167
743210
322519
808043
826787
196512
580708
219175
29289
982571
323158
952442
264431
350681
101047
212931
876
502481
936506
678685
948997
329139
50921
163047
593609
947716
517492
221211
803592
788324
140476
817986
259997
313278
449378
502078
268663
218813
246171
883528
587316
781274
734052
429260
707566
383802
575827
519011
243917
939379
420654
309291
348613
580560
170694
549825
569516
518057
792344
900351
942896
647097
792927
789213
377761
626774
615089
110558
646795
204121
217394
483079
139638
499847
595767
946583
311158
217347
97484
994260
310809
393674
580348
21953
53576
250043
415664
957090
427386
504469
516551
895856
874713
423541
544330
427236
795845
744853
452138
908525
767670
200615
874102
485316
921449
347344
791760
434203
95186
101590
867626
580579
310196
19353
660321
460861
220865
247559
133320
436230
98996
178344
726241
824788
209894
60837
504501
960788
179631
873408
288457
702162
966000
299445
497098
713198
85764
726257
640021
745883
245354
517998
323886
346459
622521
826525
302616
572885
78843
734874
430441
783261
799563
451298
329181
707114
576055
62993
508331
92652
3384
901304
530695
354218
506530
546771
716845
841561
628259
972258
291251
355075
110189
881257
251294
347758
697952
641936
91936
223839
715073
797607
602057
585357
770656
668844
47280
811872
457566
30601
953412
7669
997380
468297
77923
987151
156788
108459
791760
158887
719230
295993
82593
386258
156766
136472
